25331948
18494933
26631930
25331948
26555315
30116051
30686764
23528736
26631930
20869593
29215007
26195256
27094130
30116051
22908190
29590627
29661268
30126037
19251756
29626319
17403556
24027553
25331948
25974414
26631930
23666762
30116051
30686764
23528736
17078951
17493042
26631930
20869593
26195256
23948915
30116051
17403556
22419736
19251756
29626319
24760868
24027553
22419736
14963027
12428809
27373205
28176663
30116051
27288790
21882945
22764226
29626319
7704571
26195256
25331948
30116051
27314526
24027553
30985105
27796283
23528736
30686764
29238289
24027553
22419736
9202310
26195256
24355211
30116051
25331948
22798221
30126037
26195256
26118667
30116051
24027553
30985105
26751493
30116051
29024336
21882945
11181841
28420982
16566606
29626319
27574109
26195256
28877763
28083634
26631930
23722080
30116051
21734277
30985105
17078951
30108137
21882945
9089387
12428809
26631930
28250274
30116051
27574109
28877763
25125464
30116051
20847424
27671637
30985105
19251756
26631930
24844691
29024336
29844403
30126037
20067632
16566606
29626319
20869593
29024336
21882945
7931292
28420982
20096481
8282104
24760868
17078951
26631930
25297623
27594586
17403556
25331948
17954934
29626319
27716675
29202785
25374103
21131359
26631930
24686445
29024336
28528849
29311797
27708431
30116051
25031639
27288790
30126037
12387894
28420982
25673844
27594586
21489990
24027553
22419736
26095350
29626319
29590627
17120162
28420982
25297623
27594586
19623258
24027553
22419736
22798221
29626319
29590627
29626319
12506199
29202785
17146290
30126037
7704571
28420982
28176663
30116051
21882945
18494933
29988016
12387894
29311797
28784767
30116051
29238289
18675254
29202785
22419736
8702879
27594586
29626319
21734277
24027553
10592173
30126037
9565682
15314261
29311797
28176663
30116051
25331948
18494933
30108137
29311797
25673844
27594586
29626319
19623258
24027553
29686391
26751493
30116051
16816118
29626319
19623258
24027553
21882945
12387894
22299660
26631930
22941973
30116051
29844403
22419736
30108137
17120162
21297267
26195256
17078951
29626319
27574109
28420982
28877763
25697705
30116051
22580286
25374103
16566606
29626319
29281045
24027553
30108137
9565682
22299660
26631930
27716675
29202785
29590627
29686391
10537045
29626319
22833681
30116051
21882945
26655600
29626319
19623258
27594586
29626319
24027553
25331948
22299660
26631930
24401760
29024336
29191965
18494933
25374103
7514173
29626319
21489990
24027553
21882945
17493042
26631930
24027553
30663117
30126037
17493042
26631930
25331948
30116051
17403556
28420982
22833681
30116051
29590627
26207229
30985105
17082178
22817713
28287136
29024336
25331948
29121589
29626319
27325702
29215007
29844403
30126037
17078951
28420982
25673844
27594586
21734277
10998059
26631930
11943212
30116051
27671637
25331948
2833519
29626319
17346237
24027553
25374103
24183963
22817713
20869593
29024336
28528849
15314261
29311797
10592173
25995053
30116051
30126037
26304819
29626319
27325702
29215007
23528736
26195256
28877763
25125464
30116051
19519303
30126037
28745240
21734277
28420982
17082178
22817713
19623258
24027553
10592173
30935091
30985105
25297623
30116051
29686391
26095350
29626319
26692334
29215007
24760868
26458742
29540553
29024336
29844403
30116051
28528849
25374103
26095350
29626319
19623258
24027553
28420982
25297623
30640040
11104762
19517062
11578751
29626319
24686445
29024336
30686764
23528736
12428809
26195256
19782030
29202785
19459590
22367557
30116051
30686764
23528736
15094078
30985105
17082178
29626319
24027553
29311797
29191965
11810404
17082178
29626319
24401760
21156028
30116051
21882945
22817713
19623258
24027553
26631930
24033439
30116051
23528736
23356410
21985244
29191965
17078951
29626319
28745240
21734277
12387894
30126037
27373205
27087442
30116051
24027553
30985105
22496686
27708431
30116051
29215007
21882945
17389597
29311797
27796283
29626319
17403556
26195256
26118667
26631930
24401760
30116051
28528849
30985105
8702879
8282104
10592173
29988016
25374103
17078951
29626319
19623258
24027553
29844403
21882945
19491104
26631930
24027553
30126037
8529836
23407988
26631930
26118667
30116051
17403556
28420982
23722080
30116051
29590627
25374103
10537045
29626319
20869593
29024336
25331948
27807169
29238289
26692334
29215007
30126037
29311797
25473830
27594586
28528849
26631930
22692785
30116051
29590627
22419736
12714745
29626319
29062069
24027553
25374103
27094130
30116051
29590627
22419736
15658002
26671985
29626319
19623258
24027553
28877763
30686764
25331948
19154537
25974414
28148553
26631930
26118667
30116051
30108137
26631930
27325702
29215007
24653673
26195256
23948915
30116051
24760868
25331948
17082178
29626319
17403556
24027553
22419736
24183963
26631930
27068745
30116051
30108137
9565682
10464280
22817713
27325702
26195256
25331948
30116051
27671637
28768545
22419736
17082178
15658002
29626319
28745240
21734277
24027553
22419736
18217188
2123288
26631930
26118667
30116051
21882945
26655600
29626319
26195256
26118667
30116051
8090222
27574109
30985105
29121589
23528736
30686764
29980653
24027553
30640040
17493042
24653673
26195256
24401760
29024336
25331948
10840038
18494933
25374103
29121589
29626319
24027553
25887395
17493042
26631930
17346237
24027553
24808823
29590627
29661268
30985105
16816118
29626319
22156579
30116051
21882945
26095350
29626319
25001178
30116051
29238289
27574109
22419736
26631930
24844691
29024336
29191965
12578227
26631930
25672970
29024336
23528736
30985105
17620722
27594586
21882945
25374103
23088643
30145931
29238289
29281045
24027553
30126037
8391280
22817713
27574109
29661268
30126037
14963027
26631930
25987199
30116051
28784767
29311797
21910444
29024336
24760868
25374103
16566606
29626319
20869593
29215007
25331948
17078951
30145931
29980653
19782030
29202785
30126037
29311797
11943212
30116051
23528736
17493042
26631930
16464864
29202785
30126037
11079778
26195256
28784767
30116051
23528736
16257959
10464280
26631930
11181841
29311797
28784767
30116051
29281045
24027553
30640040
18494933
29238289
22611162
30686764
29626319
21734277
24027553
10592173
30126037
17078951
28420982
26118667
30116051
30126037
16772869
21131359
21882945
29311797
27623715
30116051
29980653
29334120
24027553
30935091
30640040
2820993
27594586
29626319
19623258
24027553
30126037
23533697
26195256
26118667
22367557
30116051
25331948
21131359
30108137
17120162
21297267
26195256
25673844
27594586
29626319
24964035
24027553
30985105
27708431
30116051
16566606
29626319
25001178
24027553
21882945
26631930
8226987
30116051
20847424
22419736
29988016
11181841
26195256
26813123
10998059
29626319
17403556
29661268
29311797
28176663
30116051
28148553
26631930
23722080
30116051
30108137
26207229
29191965
8702879
8282104
29626319
28528849
30126037
7704571
26631930
19459590
23164821
30116051
24027553
30985105
24853415
30116051
29215007
21882945
29311797
29121589
22222439
29626319
17403556
26195256
27087442
22382662
15601849
30116051
29980653
27574109
29661268
26207229
17908174
22419736
9202310
26631930
28002468
29024336
29686391
16816118
28148553
26631930
29559585
29024336
23528736
25374103
25673844
27594586
21882945
10486203
28877763
21548880
27594586
29980653
24027553
30126037
2833519
29626319
27574109
30126037
17089132
20071522
26631930
22833681
30116051
29590627
29311797
25672970
29024336
24760868
28877763
27796283
29626319
27325702
29215007
30935091
22419736
8702879
27594586
28745240
21734277
28420982
29121589
29626319
27601475
30061532
29202785
22419736
21548880
27594586
26095350
29626319
26692334
29215007
29844403
23528736
26195256
28176663
30116051
30126037
25031639
28528849
22110360
28420982
21210655
29626319
23157676
24027553
25374103
11943212
30116051
30985105
11104762
19517062
11578751
29626319
19323834
29202785
28528849
26195256
27041503
29024336
30116051
30686764
23528736
25374103
22798221
29626319
22926167
0
24027553
27429982
29311797
11943212
29191965
11810404
17082178
29626319
20869593
29024336
30108137
22299660
26631930
16464864
24027553
23294633
30116051
19885299
23528736
12387894
30985105
20067632
21210655
17160145
29626319
27574109
26195256
26207229
29686391
9099822
29626319
24844691
29024336
21882945
29626319
25001178
24027553
24027553
23362255
29191965
18680553
24653673
26195256
24844691
29024336
25331948
12578227
28877763
7514173
29626319
24027553
21882945
21573099
19293145
18680553
26631930
28422052
24027553
22611162
26207229
30985105
27796283
29626319
23001711
30116051
30126037
22798221
29626319
29202785
21882945
7931292
21297267
26195256
22110360
17078951
29238289
28784767
19419557
12428809
26195256
25125464
30116051
17403556
30640040
9089387
17493042
26631930
20869593
29215007
30985105
16566606
26631930
26390242
29024336
30108137
25374103
26323690
30116051
21882945
28420982
25673844
27594586
24027553
19519303
30126037
12551948
29626319
17403556
25331948
18494933
26631930
22156579
30116051
25069841
22611162
29311797
27550730
29024336
25331948
19154537
25974414
28148553
26631930
22952452
30116051
25069841
24760868
12387894
26458742
26940749
29024336
23948915
30116051
24760868
30640040
12191990
23531502
29626319
19623258
24027553
28420982
30686764
22419736
24183963
22817713
25987199
30116051
30108137
12387894
19293145
26631930
25378699
29202785
26195256
18070606
30116051
24760868
25331948
16816118
29626319
29590627
27574109
22419736
26304819
26631930
28775333
30116051
10592173
30108137
10391244
29626319
25378699
26195256
26118667
30116051
18986241
29590627
29661268
30640040
16816118
29626319
30686764
28528849
24027553
30640040
18494933
26631930
25125464
30116051
21882945
26095350
29626319
24653673
26195256
27087442
30116051
28760828
27574109
30985105
17078951
30108137
21882945
24653673
26195256
23088643
22496686
30145931
29626319
17403556
29661268
29311797
27087442
22367557
30116051
26631930
24401760
30116051
10592173
10592173
0
30108137
29686391
20096481
27594586
29238289
23528736
11181841
30126037
17493042
26631930
22156579
30116051
27314526
24027553
29661268
27429982
25374103
28877763
30116051
24760868
30985105
29121589
29626319
24401760
21156028
30116051
30126037
18494933
29626319
29202785
29844403
21882945
8930358
26195256
10998059
29590627
22299660
26631930
23294633
30116051
27671637
23362255
29191965
18680553
26631930
29540553
29215007
30985105
29121589
26631930
20869593
29024336
25887395
12402041
28877763
11943212
20869593
30116051
16364302
21882945
28420982
25297623
27594586
24027553
30126037
23943618
29626319
17403556
29311797
28784767
30116051
24027553
30126037
23531502
29626319
29590627
23134599
24027553
30126037
9202310
26195256
23666762
30116051
28760828
30108137
10391244
26631930
29311797
27623715
30116051
24027553
29191965
16630055
29980653
24760868
29626319
19623258
24027553
25331948
29311797
25125464
30116051
28760828
30126037
22764226
21882945
17120162
21297267
26195256
27068745
30116051
21489990
24027553
29191965
25673844
27594586
29626319
25001178
24027553
30126037
26195256
25125464
30116051
25331948
22764226
29988016
11181841
26195256
11943212
27594586
29626319
24027553
29661268
30985105
24853415
30116051
29121589
29626319
24027553
21882945
17965932
26631930
23737518
29024336
30640040
30985105
16816118
29626319
29559585
29024336
30126037
8050597
17493042
29626319
24027553
27574109
29191965
14963027
12428809
27373205
28002468
29024336
22419736
16816118
28420982
17078951
29626319
24027553
21882945
20679343
17954934
26631930
19623258
24027553
26207229
25331948
24368848
28083634
26631930
23722080
30116051
27574109
25374103
28176663
30116051
25031639
21734277
25374103
17078951
29626319
30697142
24844691
29024336
19519303
30126037
8063802
29626319
24027553
30126037
17493042
26195256
23088643
8282104
22611162
28083634
26631930
23722080
30116051
29590627
23356410
29191965
14963027
26631930
27325702
29202785
30985105
7514173
22817713
27325702
29215007
21882945
21156028
28420982
26751493
30116051
27288790
30126037
29626319
26692334
29215007
29844403
21882945
12387894
28420982
23666762
30116051
30126037
17493042
28528849
28420982
17078951
22523685
29626319
18675254
29202785
30640040
25673844
27594586
19517062
19782073
29626319
19782030
29202785
30108137
26195256
26118667
30116051
25331948
23528736
28420982
16566606
29626319
24027553
25374103
26751493
30116051
30985105
17082178
29626319
12506199
29202785
28528849
12387894
19293145
26195256
20869593
29215007
29024336
21427723
19885299
23528736
12387894
28877763
19251756
29626319
24027553
29311797
26751493
29686391
12578227
29626319
27325702
29215007
30108137
7786411
26631930
28422052
24027553
23722080
30116051
30108137
14673212
30985105
16566606
29980653
17403556
26195256
26631930
19459590
22367557
30116051
17403556
25374103
8702879
27594586
16364302
30108137
29844403
27288790
21882945
26195256
25673844
27594586
29626319
28784767
15314261
29311797
25125464
30116051
28148553
26631930
25672970
29024336
21882945
30985105
25673844
27594586
29980653
30686764
23528736
28420982
23088643
30145931
29238289
24027553
21882945
2833519
26631930
19623258
24027553
25331948
19363271
26631930
24401760
30116051
28760828
17403556
28877763
26118667
22367557
30116051
28528849
25374103
9089387
29626319
28287136
29024336
30126037
16816118
29626319
24027553
30126037
17187063
26195256
25673844
27594586
24760868
26631930
21910444
30116051
29590627
29686391
2123288
26631930
11606569
29202785
25374103
17078951
30116051
24760868
30985105
12714745
29626319
17346237
24027553
25374103
26400044
22419736
24183963
22817713
24401760
30116051
24760868
26195256
20869593
29215007
28877763
30116051
18852562
24760868
26207229
29191965
26095350
29626319
22926167
0
24027553
28420982
30686764
20660113
22419736
15773910
26304819
29626319
22833681
30116051
25887395
28148553
26631930
19782030
29202785
22299660
26631930
26118667
30116051
21734277
22419736
16566606
21489990
29626319
29590627
27574109
30640040
22798221
26631930
28176663
26790099
30116051
28760828
25887395
18494933
29626319
19782030
26195256
27087442
22367557
30116051
29590627
29661268
21985244
29191965
16566606
29626319
23528736
12387894
24027553
30270813
24808823
23362255
29191965
25974414
28083634
26631930
22833681
30116051
10592173
21882945
22798221
29626319
7514173
29626319
22110360
24027553
30126037
9565682
26631930
24844691
29024336
29191965
30985105
27796283
29626319
21427723
29024336
30126037
17360711
10464280
29626319
24027553
27574109
29661268
29686391
2123288
26631930
20869593
29215007
22419736
16566606
22817713
29559585
29024336
21882945
12387894
30985105
25473830
30116051
30108137
29311797
21548880
27594586
29980653
27574109
21882945
7534834
12551948
26631930
22926167
0
24027553
12127879
30515821
22419736
11803455
20071522
26631930
24844691
29024336
17403556
28420982
25125464
30116051
23528736
28877763
23088643
22496686
30145931
29626319
20869593
29024336
25331948
16566606
29238289
24027553
19519303
30126037
12191990
14963027
27373205
25673844
22496686
27594586
21734277
26631930
25672970
24027553
30126037
9202310
2123288
26631930
11943212
30116051
28528849
12387894
26631930
29559585
29311797
19419557
22156579
30116051
27574109
25331948
20067632
26095350
29626319
29590627
19623258
24027553
25331948
20075608
17493042
26195256
27068745
30116051
30108137
18494933
22817713
21297267
26195256
27094130
30116051
24027553
29191965
20067632
16816118
21734277
21666500
29626319
25001178
24027553
25331948
29311797
22833681
30116051
30126037
26655600
21882945
11181841
26195256
21311567
30116051
19623258
24027553
29191965
23942339
30116051
16364302
30145931
29626319
24027553
19519303
30126037
16257959
24653673
26195256
22833681
24270208
30116051
22419736
10840038
26304819
21882945
26195256
28784767
30116051
29238289
24027553
30985105
28877763
30116051
28760828
21910444
30116051
10592173
30108137
11013232
25374103
27796283
17403556
26195256
11803455
17493042
26631930
22156579
25443287
30116051
28784767
25374103
17620722
27594586
29988016
21882945
7505567
27373205
25673844
22496686
27594586
29626319
29590627
26458742
24406748
30116051
17403556
30985105
18494933
26631930
29540553
29215007
30640040
22530628
29121589
29626319
26390242
29024336
21882945
30985105
11943212
30116051
30108137
29311797
25673844
27594586
27574109
30126037
26671985
26631930
24027553
22419736
11943163
18494933
26631930
29559585
29024336
28784767
28420982
22833681
24270208
30116051
23528736
28877763
19118186
27594586
29626319
20869593
29215007
25331948
27796283
29980653
30108137
28420982
25673844
27594586
29626319
27325702
29215007
25331948
12435421
29121589
29626319
19782030
29202785
21882945
28420982
27795443
30116051
28760828
19519303
30126037
19363271
23528736
28420982
10998059
29626319
26142647
24027553
29191965
22814243
30116051
18494933
29626319
12506199
29202785
25887395
26195256
25125464
30116051
30663117
25331948
23528736
12387894
29311797
27796283
29626319
24027553
28877763
27708431
30116051
30985105
12578227
29626319
21734277
24027553
22536436
23528736
26195256
28771976
19419557
29215007
29024336
25031639
30108137
12428805
28420982
17082178
21489990
29626319
24027553
29661268
29311797
27798139
30985105
16816118
29626319
26692334
29215007
25887395
15522877
26631930
19623258
22110360
24027553
27314526
27574109
29191965
24183963
26631930
22941973
30116051
30126037
18494933
29626319
17078951
29626319
24027553
30126037
23533697
26631930
27041503
29024336
29686391
30985105
29121589
29626319
20869593
29024336
19519303
30126037
8391280
29626319
24027553
21882945
8769876
12428809
26631930
11943212
27594586
29626319
20847424
22611162
26195256
23722080
30116051
27671637
30985105
16566606
28083634
26631930
27325702
29202785
16014719
29191965
7514173
29626319
20869593
29024336
21882945
7704571
25374103
28784767
30116051
10592173
29988016
11007782
21297267
29311797
25297623
27594586
17403556
30126037
23531502
22817713
24027553
22419736
8985176
26631930
24686445
29024336
29590627
29311797
22941973
30116051
30640040
24183963
22817713
20869593
29024336
30444369
22611162
29311797
21910444
23484434
30116051
18852562
24760868
30985105
16566606
29626319
29228318
24027553
28877763
21548880
22419736
26304819
29626319
24844691
29024336
28528849
11054815
26195256
28771976
29215007
26118667
30116051
21734277
29191965
22798221
29626319
24027553
29311797
30640040
26095350
29626319
22156579
30116051
25069841
21882945
11054815
26631930
16464864
24027553
28083634
26631930
27087442
30116051
28528849
22419736
20067632
27796283
29626319
22611162
17403556
24808823
23362255
29191965
19517062
28148553
26631930
26118667
30116051
21882945
11013232
18096814
29626319
16464864
26195256
19459590
30116051
24760868
29191965
27796283
29238289
23528736
21882945
19293145
26195256
27623715
30116051
24027553
25374103
28176663
30116051
25672970
29024336
21882945
8282104
25374103
29121589
28784767
26195256
14636947
27260836
28083634
26631930
23722080
30116051
30444369
29590627
29661268
28877763
25673844
27594586
21882945
30686764
25374103
17078951
21722302
29626319
27325702
29215007
30126037
18494933
29626319
27574109
30126037
17493042
26631930
28784767
30116051
14556719
29238289
24760868
26195256
21910444
29024336
29590627
30985105
23531502
26631930
11606569
29202785
29191965
17078951
30145931
29626319
27325702
29215007
30126037
8282104
25374103
23666762
30116051
21882945
17493042
26195256
11943212
30116051
27671637
28768545
19519303
30126037
15658002
26095350
29626319
27574109
26195256
19419557
22156579
30116051
29590627
30126037
12191990
22798221
29626319
27574109
24027553
25331948
18494933
26631930
28784767
30116051
23528736
26631930
26390242
21297267
29311797
27094130
30116051
27574109
25331948
22798221
29626319
22611162
25001178
24027553
25331948
17187063
26195256
28775333
22122372
30116051
25887395
18096814
29626319
26195256
21311567
30116051
24027553
29686391
16566606
30686764
28528849
29626319
24027553
22419736
9202310
26195256
22941973
30116051
30126037
26095350
21882945
26195256
25331948
30116051
24964035
24027553
29686391
11943212
30116051
27594586
29626319
24027553
16399206
30126037
11181841
26195256
22941973
30116051
22419736
26095350
30985105
16566606
29626319
18675254
29202785
21882945
7534834
26631930
25001178
24027553
27574109
29661268
29686391
26304819
26631930
22072628
30116051
30126037
8063802
29626319
18239272
30145931
29238289
24027553
30126037
19293145
26631930
20869593
29215007
30985105
11803455
19363271
26631930
24401760
30116051
29590627
29661268
28420982
26323690
30116051
28760828
14976144
21882945
30686764
25374103
9089387
29626319
26692334
29202785
28408124
18096814
29626319
27574109
30126037
8529836
17187063
26631930
23666762
30116051
21734277
26195256
25672970
29024336
29590627
25374103
26095350
26631930
17346237
24027553
29686391
26400044
27594586
29626319
26692334
29215007
29844403
30126037
23533697
21352912
28877763
27795443
30116051
21882945
10464280
29626319
19782030
29202785
30126037
21156028
28420982
29077046
30116051
21882945
20133804
30108137
28420982
11943212
27594586
29626319
24905733
29202785
22419736
20067632
17078951
30145931
29626319
12506199
29202785
21882945
7704571
22110360
29311797
28877763
30116051
30126037
11803455
20133804
23528736
12387894
29311797
23088643
30145931
29626319
21489990
24027553
29191965
11943212
30116051
12578227
29626319
21734277
24027553
21882945
12428809
27373205
22833681
24270208
30116051
22419736
18494933
30108137
12428805
29311797
29121589
29626319
24027553
28420982
24853415
30116051
25374103
16816118
29626319
19623258
24027553
29844403
30108137
7669983
12428809
26195256
27325702
29202785
29024336
30108137
11013232
28420982
21210655
29626319
24027553
26458742
24853415
26631930
24033439
30116051
24760868
29661268
29686391
29121589
29980653
30108137
11181841
21882945
16410745
27373205
27068745
30116051
24027553
25374103
26118667
30116051
29559585
29024336
21882945
17389597
28877763
17078951
29590627
12387894
12428809
26195256
21548880
27594586
29980653
27574109
19519303
30126037
20576277
17493042
26631930
10592173
29226865
19419557
29215007
26207229
30985105
20071522
26631930
11691934
29024336
24760868
28420982
11943212
30116051
21882945
21177868
28877763
23088643
30145931
29238289
18675254
29202785
25331948
23943618
29626319
17403556
19519303
30126037
14963027
26631930
27068745
30116051
30686764
28528849
19419557
12428809
26195256
27550730
29024336
24760868
25374103
22798221
26631930
29228318
24027553
30985105
21548880
27594586
28760828
24760868
28877763
19251756
26631930
21489990
24027553
30985105
25673844
27594586
29191965
26304819
29626319
27325702
29215007
24760868
29311797
7667312
29024336
30116051
28745240
21734277
30985105
23531502
29626319
19623258
24027553
28420982
25673844
26207229
22419736
26095350
29626319
29559585
29024336
23528736
9565682
26195256
25378699
29202785
27087442
30116051
28528849
29686391
19251756
29626319
24027553
29311797
30686764
30640040
19517062
29626319
23001711
30116051
21882945
9565682
26631930
23134599
24027553
26631930
19459590
30116051
30988501
23528736
30640040
29121589
29626319
24760868
27671637
29191965
11810404
17082178
22817713
25125464
30116051
21882945
17360711
22764226
29626319
23134599
27594586
29626319
24027553
25331948
12428809
27373205
8226987
30116051
30640040
19517062
30985105
15658002
29121589
29626319
29334120
24027553
21882945
26631930
19401603
0
24027553
17403556
30985105
22798221
26631930
24401760
30116051
30126037
16816118
29626319
26390242
29024336
21882945
28420982
8702879
22611162
22299660
26631930
25673844
27594586
27574109
29661268
30126037
11181841
18680553
29626319
27325702
29202785
30985105
18494933
26631930
29559585
29024336
24760868
29311797
26751493
30116051
21882945
12387894
28877763
22122372
19118186
27594586
29980653
29334120
24027553
25331948
16914869
26655600
21722302
29626319
27671637
30126037
9202310
20071522
26631930
28250274
30116051
23528736
22299660
26631930
26940749
29024336
26631930
8282104
21882945
22952452
27807169
21882945
8282104
24251416
22072628
14642273
21882945
8282104
14642273
24113872
26631930
8282104
8282104
8282104
24251416
14612456
25974414
28877763
8282104
23687953
24113872
17187063
8282104
24251416
14642273
29121589
21882945
21311567
22798221
22798221
8282104
26207229
24251416
22798221
18494933
21882945
26207229
23001711
24251416
14612456
22798221
29191965
21311567
25974414
1918161
8282104
21882945
11812770
8282104
21882945
17187063
25995053
26631930
1918161
8282104
27601475
14612456
26631930
25473830
26631930
29191965
24355211
8282104
14612456
29191965
29191965
22798221
22798221
14612456
8282104
29191965
14642273
26631930
21882945
8282104
8282104
24251416
26631930
8282104
8282104
23001711
22072628
11812770
8282104
8282104
8282104
28877763
8282104
14642273
14642273
14642273
22072628
22798221
8282104
24113872
14642273
22798221
21882945
29191965
14642273
24113872
29121589
8282104
29758300
23687953
14642273
29191965
29191965
22798221
14642273
26631930
14642273
22798221
22798221
8282104
14642273
26631930
21311567
14642273
14642273
8391280
22798221
8282104
10830966
22798221
25974414
21882945
8282104
14642273
17493042
24183963
21882945
22798221
26631930
26631930
22798221
21882945
26631930
24251416
29191965
8282104
26631930
8282104
8282104
24251416
24113872
25473830
26631930
26631930
24355211
8282104
21882945
22798221
21882945
21882945
23001711
24113872
26631930
29215007
24653673
26118667
26195256
28784767
29238289
30116051
29215007
25331948
29311797
24027553
29228318
29626319
30145931
16566606
29215007
19519303
28784767
25374103
29024336
22833681
26631930
30640040
21882945
29626319
30108137
30116051
23666762
29311797
30116051
24869773
29191965
24027553
26390242
26631930
17403556
27041503
26631930
23528736
30116051
30145931
25331948
22419736
29590627
22926167
21882945
30116051
7514173
30985105
22611162
29758300
28720530
22817713
21882945
29024336
27671637
25125464
29844403
26195256
27574109
12428809
24844691
26631930
17493042
28148553
29191965
29024336
28784767
25374103
22611162
29238289
30116051
2833519
29191965
24634659
30116051
26400044
28760828
25374103
30126037
30640040
27594586
22419736
29024336
26390242
26631930
26813123
30686764
28408124
16176937
29191965
23528736
26692334
26631930
28528849
30116051
23666762
29311797
26631930
27671637
24844691
26631930
28408124
21882945
25069841
22419736
27671637
21882945
28408124
24027553
23603201
27041503
21882945
29626319
21882945
30116051
25987199
26195256
30985105
30116051
16816118
30985105
27671637
29238289
30686764
22611162
27041503
26631930
28408124
30145931
25331948
30145931
21339331
29686391
23528736
24027553
24853415
29311797
29202785
27087442
26195256
22419736
23484434
29121589
30985105
17403556
19623258
29661268
29626319
30116051
22419736
30116051
16566606
30985105
21882945
25331948
28408124
23484434
8226987
26631930
21882945
29626319
30640040
22611162
29559585
30935091
26631930
22611162
20042680
29626319
30116051
10998059
25374103
26195256
24027553
24653673
27087442
26195256
21882945
23484434
28784767
28760828
25374103
29024336
23362255
29540553
26631930
16566606
29191965
30116051
12551948
29191965
29590627
16364209
25331948
30116051
8726973
25374103
29024336
7514173
30985105
29024336
19277525
25331948
26195256
25331948
29024336
7514173
30985105
23484434
26751493
25374103
28408124
7514173
30985105
30116051
29121589
30985105
28528849
22817713
21734277
19323834
26631930
12435421
25331948
30686764
30145931
17493042
30640040
30116051
8726973
25374103
27429982
24027553
21311567
29311797
24027553
12428809
28287136
26631930
20071522
29191965
28408124
30126037
25069841
30697142
30116051
26118667
26195256
30686764
23528736
28422052
29626319
25331948
27671637
25125464
26195256
17403556
19429119
29228318
29626319
19251756
30985105
29311797
29215007
19519303
27798139
29311797
23528736
30686764
30116051
29121589
30985105
30116051
19277525
27087442
26195256
30640040
27594586
30640040
27574109
22926167
29626319
28408124
30116051
16566606
30985105
30686764
23528736
29626319
25887395
29024336
24653673
25125464
27041503
26631930
27671637
28287136
26631930
18217188
22419736
29024336
25331948
29311797
27671637
29626319
30116051
30108137
25001178
29626319
23528736
25069841
30116051
28775333
29311797
30108137
25001178
22817713
23528736
29626319
30116051
21548880
25374103
25001178
22817713
21734277
21734277
29626319
10391244
29191965
30145931
18467332
29191965
30116051
19277525
28540658
29311797
24027553
23722080
26631930
17403556
29626319
24653673
30116051
27796283
28408124
28408124
29024336
22299660
29540553
26631930
28420982
29024336
26400044
30985105
24760868
30116051
26671985
29191965
30116051
27068745
29311797
25331948
25069841
25732305
25331948
24027553
26041011
26631930
21882945
21339331
29686391
30686764
22611162
28720530
30270813
22817713
28528849
30116051
25995053
23722080
26195256
24027553
19459590
29844403
26195256
25331948
23484434
26751493
28420982
24027553
29228318
29626319
30145931
30116051
16566606
29191965
30116051
16566606
30985105
21882945
27594586
25331948
23484434
26118667
26195256
21882945
25331948
27671637
19251756
30985105
30116051
26655600
29686391
24760868
30985105
30116051
22764226
29191965
27574109
29626319
30116051
18500754
29191965
29215007
29540553
26631930
27429982
24027553
25672970
26631930
21734277
30116051
28408124
25331948
17403556
29228318
26751493
28420982
29024336
26751493
25374103
29988016
29626319
23528736
29661268
29626319
30640040
27671637
27041503
26631930
22611162
30116051
21548880
28167836
29311797
29215007
28884684
29311797
30126037
30116051
7514173
30985105
29215007
27041503
26631930
30116051
17493042
30640040
30116051
21339331
29191965
28528849
28408124
30116051
27623715
29311797
23528736
29626319
28408124
24027553
24760868
27041503
26631930
22611162
12506199
26631930
19251756
30985105
24027553
24653673
25331948
29311797
30686764
23528736
23484434
29121589
30985105
23484434
28540658
29311797
25331948
25378699
26631930
22611162
29540553
26631930
30640040
26631930
22611162
27041503
26631930
25331948
30686764
27671637
25672970
26631930
21882945
28408124
17493042
29191965
30686764
24760868
29202785
26751493
28420982
29024336
19277525
28884684
29311797
25331948
29626319
0
23528736
29661268
29626319
30116051
26095350
30985105
30116051
23531502
29686391
29024336
23362255
24406748
26631930
18217188
30116051
25331948
30145931
30640040
22611162
21882945
30116051
22102280
25374103
30686764
22611162
29281045
29626319
21882945
29215007
27671637
23722080
26195256
17403556
28287136
30935091
26631930
20133804
29191965
29215007
26751493
28420982
30686764
24760868
30116051
16566606
29191965
30116051
26751493
28420982
28408124
29191965
30116051
30640040
23312564
29215007
22299660
26041011
26631930
30686764
28408124
21339331
29686391
0
23528736
29062069
22817713
23528736
30116051
27795443
29311797
30116051
30640040
29024336
24406748
26631930
22419736
30116051
22692785
29311797
20595388
25331948
27594586
29121589
30985105
29202785
26751493
28420982
29215007
23362255
23001711
26631930
29191965
21882945
29626319
21882945
30116051
27795443
29311797
30686764
30116051
26655600
29686391
24027553
19732809
22817713
27671637
29540553
26631930
30108137
23484434
24027553
24653673
28167836
29311797
24027553
24653673
19459590
26195256
30640040
29024336
17078951
30985105
30061532
27671637
23832849
29626319
30116051
17493042
30640040
30116051
29121589
30985105
19293145
21882945
25331948
25331948
29024336
29540553
26631930
11104762
21882945
29626319
24590577
30640040
21734277
27041503
26631930
24760868
29626319
30116051
21548880
25374103
27373205
24027553
24653673
19459590
29844403
26195256
21882945
23484434
26751493
28420982
0
29024336
28002468
26631930
23531502
29686391
30116051
22764226
29686391
27429982
22611162
17403556
19459590
29844403
26195256
25887395
29202785
19459590
26195256
22611162
30116051
29202785
26118667
26195256
24027553
21489990
29661268
29626319
30116051
23531502
21882945
29626319
21882945
23484434
22941973
27373205
30985105
30116051
29121589
30985105
29590627
30686764
21734277
29540553
26631930
28408124
30116051
25331948
27594586
22764226
29686391
23528736
28408124
24590577
28408124
30116051
25987199
29844403
26195256
30686764
23528736
29281045
29626319
25331948
27671637
23722080
26631930
27671637
21734277
29626319
30145931
27796283
30985105
29311797
29202785
28884684
29311797
30108137
30116051
7514173
30985105
23484434
22833681
26631930
17493042
29191965
30116051
17493042
30640040
30444369
17403556
29626319
28408124
30116051
29121589
30985105
0
23528736
29626319
21882945
29215007
22941973
23487739
26631930
27671637
26390242
26631930
12435421
22530628
30640040
25331948
27257626
26304819
30985105
30126037
27257626
30640040
27429982
29590627
30126037
25069841
28408124
24027553
23487739
10998059
30985105
30116051
17078951
30985105
23528736
29626319
30686764
28528849
23134599
29626319
22419736
30686764
30116051
18467332
29191965
30116051
26751493
28420982
24027553
24653673
25331948
29311797
24027553
26390242
26631930
21131359
29686391
29311797
29024336
26751493
25374103
21734277
30116051
23531502
29686391
30116051
28540658
29311797
25331948
25331948
24027553
29228318
22817713
20847424
30126037
24183963
30985105
30686764
21734277
25001178
29626319
23528736
23484434
28775333
23737518
27373205
24027553
22952452
26631930
25331948
23484434
27708431
29311797
27574109
21489990
29626319
30116051
30686764
30116051
23531502
29686391
30116051
29121589
30985105
21882945
30116051
22419736
29024336
25987199
29844403
26195256
29024336
21311567
29311797
29202785
22718609
28771976
22817713
23164821
21367866
29024336
10998059
30985105
29024336
27087442
26195256
18217188
22419736
29024336
10998059
30985105
29024336
23454242
26751493
28420982
28408124
22926167
29661268
29626319
30686764
28528849
29281045
29626319
21339331
29686391
30116051
18494933
29191965
30116051
26118667
26195256
30686764
24027553
24653673
7667312
26631930
27671637
29238289
26364736
30116051
7514173
28408124
28408124
29024336
28083634
27041503
26631930
29626319
30108137
29626319
17493042
28148553
29191965
30686764
27671637
20869593
26631930
24760868
30116051
26751493
24653673
26118667
29311797
29202785
23362255
24653673
25331948
29311797
28408124
30116051
26400044
30985105
29202785
26390242
26631930
30116051
18467332
29191965
30116051
22764226
29686391
23528736
28408124
30697142
30116051
25899010
29311797
23528736
25331948
24027553
28528849
21427723
26631930
22611162
23711227
21734277
29626319
16566606
30985105
24027553
26118667
26195256
30108137
21882945
30126037
24027553
27550730
21882945
22926167
29661268
29626319
25887395
30116051
26118667
26195256
21882945
22926167
29626319
23528736
29626319
30116051
26751493
28420982
30116051
18494933
29191965
24027553
27041503
26631930
30061532
24027553
29559585
26631930
28528849
30116051
23164821
30145931
28408124
25331948
27671637
25001178
23666762
29311797
29024336
19519303
19277525
26751493
28420982
21882945
30116051
16816118
30985105
29024336
23001711
26631930
30116051
25331948
27594586
17493042
30640040
30686764
24760868
30126037
30116051
8726973
25374103
21734277
22926167
29626319
30126037
29215007
29590627
23737518
26631930
27671637
26390242
26631930
18096814
29686391
29202785
27798139
29311797
21734277
30116051
23531502
29686391
30116051
26751493
29311797
28408124
29191965
30116051
30640040
26010758
24027553
28083634
29228318
22817713
28408124
25069841
24183963
30985105
23484434
27796283
30985105
30116051
26400044
30985105
19293145
30126037
27796283
30985105
30116051
16816118
30985105
21861815
21734277
30985105
30116051
26655600
29686391
17403556
29626319
22611162
28855586
26631930
30126037
30145931
28408124
17954934
29191965
21734277
24027553
23666762
25031639
29311797
29215007
25331948
29311797
25331948
29626319
30108137
29626319
30116051
16566606
30985105
27671637
27601475
26631930
25887395
29024336
27574109
24653673
26118667
29311797
24027553
24653673
22952452
26631930
18217188
29191965
29024336
26400044
30985105
29590627
29626319
30116051
18467332
29191965
30116051
9089387
30985105
21882945
22419736
30145931
25331948
29024336
27041503
26631930
30126037
17493042
29191965
30686764
28528849
20869593
26631930
21734277
23356410
30116051
26751493
28420982
26631930
17403556
22952452
26631930
30126037
29024336
27708431
29311797
29215007
12428809
26390242
26631930
17493042
23528736
29062069
26631930
28528849
29661268
29626319
30116051
11013232
25374103
29062069
26631930
22611162
12506199
26631930
17493042
29191965
26631930
30686764
22611162
29540553
26631930
18217188
25331948
30145931
22419736
30116051
22102280
25374103
24027553
23666762
29311797
30061532
29202785
24653673
24844691
30935091
26631930
17493042
28148553
29191965
30126037
29626319
21882945
30116051
28775333
29311797
30686764
30116051
16816118
30985105
27574109
19429119
29228318
29626319
30116051
25331948
30116051
26655600
30985105
30108137
25331948
28408124
30116051
22941973
27373205
30108137
29661268
29626319
22419736
22611162
23737518
26631930
28784767
24964035
29661268
29626319
30116051
7514173
30985105
26195256
24027553
25331948
29311797
25887395
30686764
30116051
26400044
30985105
29024336
23001711
26631930
18217188
22299660
21367866
29191965
30116051
14963027
29191965
27671637
29626319
25331948
30116051
22102280
25374103
30108137
21882945
29215007
24653673
24401760
29686391
30116051
18494933
29191965
24027553
23832849
29661268
29626319
30116051
23407988
30640040
0
29024336
24355211
26631930
30145931
23407988
30640040
30116051
25899010
29311797
30686764
24027553
25125464
26195256
27574109
23157676
29661268
29626319
30116051
19251756
30126037
30126037
21718217
29024336
8226987
26631930
25374103
23484434
17078951
30985105
22611162
27091843
28528849
27373205
26631930
25331948
27574109
26118667
26195256
27574109
29540553
26631930
23531502
30985105
29311797
29024336
26751493
28420982
28528849
30116051
8063802
30985105
30116051
26118667
26195256
22419736
30145931
22419736
24027553
25001178
29661268
29626319
28408124
30145931
26095350
30985105
30686764
28528849
22926167
29626319
23528736
29024336
26118667
27550730
26631930
17403556
24844691
26631930
25331948
29024336
21311567
29311797
17403556
23157676
29661268
29626319
30116051
30116051
18494933
30985105
30116051
17078951
30985105
21882945
26631930
27671637
28855586
26631930
28408124
18986241
30686764
27671637
22952452
26631930
21882945
24027553
23722080
26631930
30686764
24760868
30116051
30126037
27257626
25331948
27574109
26041011
19118186
25374103
23484434
26400044
30985105
30108137
29626319
23528736
29281045
29626319
27288790
30640040
30116051
2833519
29191965
30116051
26751493
29311797
25331948
25331948
29215007
26390242
26631930
21882945
29626319
10391244
29191965
30686764
22611162
24905733
26631930
30686764
21734277
30116051
23666762
25125464
26195256
24027553
24653673
27087442
26195256
28408124
30116051
28784767
25374103
24027553
19732809
22817713
23164821
30116051
2123288
29191965
24634659
30116051
26655600
29686391
30108137
30145931
25331948
30116051
28250274
29311797
30108137
25331948
27574109
30686764
23528736
26692334
26631930
30686764
21734277
29281045
29626319
26802771
30145931
7514173
30985105
25331948
30116051
26751493
28420982
30686764
25331948
30145931
16566606
30985105
30126037
30640040
22611162
29215007
27607061
25374103
29024336
27068745
29311797
25331948
29661268
29626319
23528736
29661268
29626319
30145931
24183963
30985105
30116051
26671985
29191965
23484434
25987199
29844403
26195256
22791904
17403556
29559585
26631930
10998059
28784767
30116051
10998059
24653673
25995053
25031639
29311797
29024336
27068745
29311797
21882945
30116051
30688256
29121589
30985105
0
29024336
29540553
26631930
30116051
22419736
30116051
17954934
29191965
30686764
21734277
28408124
30116051
26751493
28420982
28528849
29626319
28408124
24027553
22611162
27550730
26631930
28784767
19429119
29540553
26631930
24183963
30985105
24027553
28884684
25031639
29311797
28528849
30116051
16630055
30985105
30116051
27068745
29311797
25331948
29191965
30116051
14963027
29191965
24027553
19623258
29626319
23737518
27550730
29334120
19401603
26631930
29228318
26390242
29334120
23737518
26631930
28771976
26390242
29334120
26631930
26631930
23737518
21427723
29334120
29226865
20869593
29334120
23737518
29334120
26631930
21882945
25001178
29334120
11812770
26692334
29334120
11812770
23737518
26142647
10464280
23737518
21882945
25331948
25672970
21882945
25331948
24844691
25001178
21882945
22833681
24844691
19323834
21882945
23722080
26890116
19323834
29191965
24401760
18558669
19323834
29191965
24401760
27550730
29334120
19401603
26631930
29191965
27671637
29590627
23484434
28408124
27594586
30108137
26751493
27574109
28528849
30985105
25374103
30116051
27671637
21339331
25374103
27373205
27671637
25125464
16816118
29590627
27623715
27671637
21882945
27594586
25374103
17082178
27671637
28528849
27087442
29311797
30108137
27373205
27594586
24027553
24027553
27671637
25374103
24027553
27671637
27623715
25331948
23531502
27594586
28528849
28877763
27594586
28528849
23484434
24760868
26458742
27574109
23484434
29202785
27574109
21367866
24027553
22419736
30985105
29202785
21339331
30126037
25331948
27594586
28528849
30145931
22419736
24027553
29590627
21367866
22926167
29024336
21734277
25331948
29191965
30116051
27574109
17954934
28528849
29191965
21734277
30985105
30145931
30116051
23484434
22419736
27671637
29626319
21339331
27594586
27671637
25374103
25374103
16816118
29590627
30108137
30126037
27594586
16816118
28528849
29191965
29024336
29626319
27594586
27594586
27594586
27671637
28528849
27373205
30116051
27671637
28528849
17082178
25887395
28528849
25887395
27594586
29024336
26655600
21734277
25887395
21339331
27373205
27594586
29626319
29202785
27671637
27574109
30985105
29202785
22419736
27671637
28408124
27594586
21734277
28528849
25125464
27594586
29590627
22419736
29202785
28528849
21734277
21734277
29686391
27594586
29024336
29238289
21734277
25887395
27594586
30985105
27594586
28528849
27594586
29626319
24368848
27671637
28528849
27671637
27623715
21882945
29191965
29626319
29758300
28877763
29626319
26631930
21882945
27796283
29906661
29191965
30686764
29626319
29758300
29191965
21882945
21882945
21882945
21882945
29191965
29311797
29758300
21882945
29121589
29686391
29191965
29238289
18494933
29626319
21882945
29191965
21882945
29238289
29121589
24869773
24869773
18096814
29626319
22419736
30108137
25331948
29626319
28167836
24760868
29238289
26813123
22419736
27325702
23528736
25331948
28420982
27796283
26631930
28877763
29191965
29191965
29191965
21882945
25987199
23528736
28420982
27796283
25331948
27796283
26195256
27796283
28420982
29626319
24869773
27796283
27796283
29191965
26195256
28877763
22033876
22033876
22033876
29121589
27796283
30985105
25331948
26195256
30686764
29191965
30985105
25331948
25331948
29191965
21882945
29626319
26631930
25374103
25374103
27594586
29191965
25331948
29191965
26631930
28167836
24760868
24027553
24027553
24027553
27594586
26142647
29626319
25331948
26631930
27094130
24964035
22419736
29626319
29626319
26118667
28528849
26631930
29121589
27094130
25297623
17078951
17078951
22033876
26631930
30686764
21882945
29311797
29626319
27796283
26631930
24869773
26631930
21882945
29311797
16630055
29626319
21882945
23948915
22142809
30985105
26802771
21598254
25001178
28173111
26195256
27671637
19118186
21882945
19732809
21131359
30985105
28173111
26195256
28173111
29626319
25069841
19659459
19251756
24027553
26118667
18500754
23528736
25001178
25143394
28855586
29221819
25681682
29221819
28173111
24355211
28173111
21843595
17954934
19732809
28173111
26195256
28173111
30985105
28173111
26195256
28173111
29626319
22692785
27260836
24027553
19732809
21598254
28173111
30985105
21734277
27041503
30606258
25143394
8702879
28176663
18096814
23528736
20869593
28173111
26195256
26631930
26631930
26631930
21598254
19251756
29421605
26751493
19491104
29202785
28775333
28250274
27607061
28173111
19118186
28173111
28137862
10391244
22156579
22142809
26195256
22156579
14963027
30985105
18096814
23528736
18494933
30985105
28173111
26195256
28173111
29626319
27550730
8702879
29421605
26751493
18494933
30985105
19732809
28250274
26323690
28173111
29221819
26655600
29540553
17078951
19491104
29590627
25297623
26195256
22419736
22419736
29221819
25681682
30116051
29121589
27796283
28173111
16566606
20071522
19118186
26631930
23948915
25374103
27795443
22142809
29988016
10464280
24027553
19491104
23528736
2123288
30985105
22419736
26631930
27607061
28173111
29421605
22764226
29686391
28775333
26751493
27796283
28173111
26671985
21367866
16566606
28173111
24355211
28173111
27671637
26671985
21367866
27671637
27671637
22299660
26631930
28137862
28173111
30116051
28173111
28173111
16566606
29311797
19118186
21882945
8702879
24027553
27260836
30116051
29590627
27671637
27671637
22419736
19118186
20133804
18675254
28173111
30116051
29661268
29421605
26751493
29421605
17078951
23943618
21367866
25116835
28173111
28173111
16566606
22156579
8391280
28173111
24653673
23948915
26195256
21843595
28173111
28173111
22419736
19251756
29626319
27671637
19251756
30116051
30116051
19118186
29311797
22156579
17954934
26195256
24439484
25143394
27550730
9089387
29540553
22764226
18675254
28173111
28173111
24964035
28173111
28173111
26195256
27671637
22002427
10537045
28877763
24401760
16566606
26631930
27574109
26195256
17403556
19732809
21882945
19401603
29221819
27574109
30145931
26751493
30145931
25468261
28877763
22057784
23294633
23531502
20096481
23088643
10391244
26458742
27574109
26751493
28173111
26458742
21882945
27716675
11089576
22817713
22833681
19251756
26754172
29191965
23294633
9099822
26631930
27574109
25024322
26751493
26751493
11812770
25974414
26631930
14612456
30126037
21882945
26754172
28420982
27594586
29686391
24027553
24406748
27574109
22833681
24027553
25865441
21734277
17078951
29980653
27574109
26751493
18494933
30145931
26751493
21882945
26118667
23943618
26195256
24027553
26751493
25024322
28420982
27574109
23722080
24760868
11606569
27094130
27574109
26751493
29421605
27133022
19251756
27087442
12714745
27807169
29121589
30061532
29758300
1918161
26754172
29311797
26195256
29590627
26751493
23407988
24760868
23666762
23528736
28775333
12714745
28420982
8282104
20096481
29686391
27574109
24406748
23088643
27260836
29980653
21367866
26631930
23528736
23528736
25374103
22419736
8282104
25331948
27574109
28877763
29215007
11606569
16566606
24401760
21548880
21367866
28877763
24760868
29226865
25974414
26631930
28877763
28173111
25374103
27807169
22419736
27574109
25331948
27796283
26631930
27574109
21427723
26751493
24027553
19118186
8391280
11943212
28173111
28775333
26207229
20071522
23533697
16566606
22057784
28877763
26458742
27574109
26631930
27574109
23088643
20133804
29626319
26751493
29980653
24760868
17050703
29988016
24027553
29221819
22057784
26631930
27574109
24113872
26751493
8391280
26458742
26631930
29590627
29980653
27671637
29191965
21882945
29221819
27574109
24853415
7667312
10537045
23294633
17078951
19363271
26751493
27574109
23157676
26751493
26941262
27671637
27068745
20071522
24760868
30145931
16973293
12578227
26458742
27574109
22833681
26751493
1918161
26754172
28420982
29215007
21734277
17078951
24401760
26751493
21367866
27068745
19491104
11738469
11089576
24439484
30061532
29686391
28420982
27574109
26631930
27574109
19765634
29686391
17403556
23722080
21367866
27373205
27133022
21367866
29191965
25974414
28877763
24027553
28877763
26836182
17078951
24653673
28877763
27373205
16566606
26631930
27574109
26631930
27574109
28209725
21882945
27716675
24760868
23666762
24027553
22156579
23294633
19251756
26118667
15601849
16566606
22142809
26751493
27796283
11812770
26631930
21548880
26631930
27671637
11089576
29626319
29202785
24853415
17009926
27796283
29191965
24401760
8985134
26195256
27574109
23294633
26751493
19363271
26751493
23407988
25974414
29626319
25974414
22817713
30126037
28877763
29661268
27574109
26195256
24027553
8391280
30126037
27574109
22833681
27574109
25865441
11606569
26751493
27574109
26751493
18680553
31413141
27574109
23362255
26751493
30126037
23294633
26655600
26458742
27574109
26118667
20096481
23407988
26631930
27574109
19765634
24760868
20869593
27574109
26751493
30145931
26751493
25125464
28173111
28775333
11738469
29758300
23088643
22057784
27260836
26631930
8391280
26458742
26751493
10464280
21882945
28500862
21367866
29686391
25987199
28173111
29980653
28420982
24027553
28884684
27807169
26195256
27574109
8391280
26751493
18494933
26631930
21367866
26631930
23528736
29980653
29191965
24027553
28420982
8282104
24355211
25887395
27574109
25331948
27574109
21427723
22814243
15601849
29062069
17078951
26631930
27574109
19765634
25974414
26631930
28209725
30145931
22156579
22057784
26631930
28877763
27594586
27068745
16566606
28420982
24027553
22072628
26751493
17403556
22253473
27574109
26751493
26751493
28877763
20071522
27068745
26671985
27807169
12578227
30061532
26458742
28420982
26631930
27574109
26751493
23407988
27574109
26751493
23528736
26751493
11738469
30985105
8282104
23294633
23088643
25186950
27574109
22833681
10391244
26631930
17954934
27373205
27671637
26631930
21882945
30116051
30985105
27051467
23294633
22611162
27574109
29221819
24027553
22002427
17078951
27373205
16566606
26751493
23407988
26941262
24760868
20869593
14612456
26631930
30126037
28877763
20071522
22419736
28176663
29121589
27574109
25331948
17187063
26458742
27574109
21734277
27607061
29421605
21548880
27133022
19491104
26751493
12714745
17050703
28173111
28877763
28877763
26631930
27574109
26195256
27574109
25378699
21367866
26631930
29421605
26751493
18494933
26631930
29191965
18562203
27574109
29221819
29758300
27260836
30061532
28877763
24027553
11606569
17078951
26458742
29980653
27574109
26631930
24760868
27716675
22419736
26854967
28176663
27574109
24027553
22156579
29215007
22833681
16566606
24401760
8985134
26751493
26751493
27574109
21548880
26941262
27671637
26751493
25974414
24027553
22156579
17009926
29686391
29215007
29559585
16566606
28420982
27601475
17078951
26751493
26207229
23407988
24653673
26751493
20133804
11089576
22817713
21367866
29686391
29191965
26195256
24027553
28420982
27574109
22952452
27574109
22253473
26631930
30108137
27068745
19491104
21882945
29221819
24653673
30126037
28173111
26402072
27574109
26631930
30126037
22419736
28137862
28420982
27574109
30640040
23528736
24027553
27574109
26751493
30985105
27796283
29191965
22419736
24869773
8391280
29191965
24869773
29191965
27574109
27574109
26671985
29191965
24439484
17050703
30116051
27068745
24869773
8282104
26195256
20071522
8391280
26195256
26751493
27671637
28173111
29311797
29590627
27068745
28420982
26751493
30985105
30640040
17050703
28173111
30985105
27796283
30985105
27574109
29758300
19623258
28420982
30126037
29626319
26195256
29238289
30640040
30640040
26996941
8282104
29311797
8282104
19519303
27574109
29191965
30126037
27574109
26195256
23528736
18675254
29311797
26751493
28420982
30640040
20096481
16566606
22142809
28420982
26631930
23531502
29590627
24027553
23229893
18562203
24027553
26631930
28173111
28173111
26631930
26751493
21734277
24869773
18467332
27574109
30686764
26631930
21882945
22908190
30116051
22142809
27373205
27325702
29311797
30985105
26751493
23531502
19491104
26751493
30061532
30686764
28877763
25297623
18467332
26631930
19293145
16507903
30640040
30640040
30116051
29311797
30116051
23627755
22611162
30985105
30640040
17050703
10391244
29590627
22817713
30126037
24027553
10464280
26631930
27594586
29311797
28877763
29191965
18500754
29311797
28137862
29590627
30116051
29311797
22419736
23528736
27574109
30116051
20096481
24027553
22817713
24869773
28173111
29626319
28771976
30108137
28420982
30640040
25297623
26364736
28173111
23528736
21489990
22122372
30640040
27574109
2123288
29238289
24027553
30640040
26195256
20157255
22817713
26400044
26751493
16176937
30686764
22817713
29191965
29686391
24027553
26195256
24027553
23528736
26402072
29311797
29191965
26751493
16566606
30126037
2446784
30640040
27671637
28173111
26802771
24439484
11943212
28420982
29311797
30640040
30126037
27671637
24027553
26751493
27574109
29758300
18562203
23531502
30686764
8282104
30126037
27574109
30126037
18467332
18680553
29311797
30985105
21427723
26304819
30126037
14963027
29191965
24760868
27671637
22611162
10537045
30985105
12551948
26631930
26903089
23528736
24027553
26751493
27041503
28173111
6543144
30985105
28877763
27574109
26631930
11956956
24027553
30640040
27671637
22720189
30126037
10391244
24439484
17954934
26195256
28420982
8282104
23088643
7774712
30640040
19519303
21131359
26751493
28420982
30640040
26631930
29311797
26195256
30640040
21707856
30126037
23528736
27574109
28877763
29590627
20096481
23088643
29238289
24027553
30640040
21734277
30640040
28173111
28173111
26631930
29311797
24027553
26751493
30640040
29311797
27260838
30126037
27574109
11943212
8282104
16566606
19363271
26802771
26694609
28420982
28420982
27671637
26751493
26751493
27574109
29191965
21882945
30640040
16566606
28173111
29238289
29311797
24027553
28137862
24401760
23088643
20071522
23528736
19659459
23528736
23088643
30686764
28420982
28173111
22817713
11956956
30116051
22142809
26631930
26631930
30985105
30640040
21882945
27574109
23832849
23528736
29311797
29311797
21734277
22072628
27094130
12668899
29590627
30985105
30126037
29686391
19251756
23531502
26195256
26195256
28420982
26751493
29311797
29191965
22817713
30116051
24439484
30126037
27671637
24439484
27325702
24027553
23531502
21339331
22142809
30126037
29311797
6543144
26195256
21882945
27260838
27260836
23528736
28420982
30640040
28877763
23088643
23088643
19519303
27574109
27373205
22142809
30686764
29311797
24869773
29238289
24027553
18500754
22817713
29626319
28420982
30640040
30126037
24760868
10464280
24653673
30126037
26195256
18500754
26631930
30126037
8282104
30116051
18467332
30126037
29311797
30640040
28420982
26751493
24869773
8282104
26751493
28173111
21882945
23627755
30126037
26751493
30985105
24027553
30640040
24760868
30116051
24027553
23088643
28173111
30640040
19659459
23528736
20071522
30640040
26631930
12551948
22817713
30640040
30116051
24027553
20133804
30126037
29311797
30985105
23528736
26631930
29311797
19732809
21598254
29311797
19491104
18680553
29311797
27796283
27574109
2833519
29238289
28420982
29191965
25681682
16507903
30640040
30126037
28173111
18467332
30640040
29626319
28173111
29980653
30640040
24027553
27574109
28173111
24027553
24027553
23533697
22817713
17493042
17493042
18467332
25331948
28002468
21757739
21757739
28784767
17493042
1918161
18467332
26118667
28002468
21757739
28784767
17493042
17493042
18467332
27094130
22833681
27325702
21757739
17493042
17493042
11606569
18467332
28002468
21757739
14612456
25974414
20071522
18467332
25673844
20071522
26631930
17493042
16176937
18467332
25673844
25974414
27325702
16973293
16176937
29980653
24869773
25673844
21339331
25974414
8391280
26192747
26192747
25974414
12551948
26192747
14612456
16176937
8391280
19363271
23407988
17050703
21339331
23737518
17493042
29121589
8391280
29311797
21427723
16176937
23407988
25673844
26631930
2833519
19491104
26751493
25673844
26192747
25673844
14612456
29311797
25974414
26631930
24869773
25974414
20133804
25673844
29980653
20071522
20133804
25673844
18467332
17050703
20071522
29311797
16176937
23407988
9089387
12578227
25974414
19491104
26192747
26751493
14612456
29980653
14612456
10464280
26192747
24869773
29311797
8391280
17954934
25673844
24869773
12551948
26304819
14612456
29980653
24869773
25974414
26192747
12578227
17493042
25974414
17954934
29311797
25974414
10464280
18467332
17050703
25974414
27325702
25974414
23407988
25673844
25673844
29311797
29980653
18467332
25974414
25974414
26192747
26631930
16176937
25974414
18467332
23407988
26751493
22142809
23407988
25974414
12551948
23737518
25673844
25974414
29238289
25974414
19491104
25974414
17954934
2833519
20071522
26751493
24027553
2123288
29980653
12578227
24869773
26195256
12551948
29980653
25974414
20133804
25673844
14612456
26192747
21131359
17493042
29980653
26195256
29311797
26192747
25974414
23088643
16176937
29311797
29121589
21131359
29311797
21427723
2123288
23407988
21548880
29311797
21367866
17954934
26192747
24869773
25974414
25974414
16176937
2123288
18467332
23737518
29121589
30126037
28632203
27671637
28632203
30126037
29238289
28632203
28632203
27671637
26671985
24033439
26671985
26671985
26671985
26304819
27671637
26304819
29121589
29048466
29048466
29048466
